distancias=[0
,0
,0
,0
,0
,0
,0
,0
,0
,0
,0
,0
,0
,0
,0
,0
,0
,0
,0
,0
,0
,0
,0
,0
,0
,0
,0
,0
,0
,0
,0
,0
,0
,0
,0
,0
,0
,0
,0
,0
,0
,0
,0
,0
,0
,0
,0
,0
,0
,0
,0
,0
,0
,0
,0
,0
,0
,0
,0
,0
,0
,0
,0
,0
,0
,0
,0
,0
,0
,0
,0
,0
,0
,0
,0
,0
,0
,0
,0
,0
,0
,0
,0
,0
,0
,0
,0
,0
,0
,0
,0
,0
,0
,0
,0
,0
,0
,0
,0
,0
,0
,0
,0
,0
,0
,0
,0
,0
,0
,0
,0
,0
,0
,0
,0
,0
,0
,0
,0
,0
,0
,0
,0
,0
,0
,0
,0
,0
,0
,0
,0
,0
,0
,0
,0
,0
,0
,0
,0
,0
,0
,0
,0
,0
,0
,0
,0
,0
,0
,0
,0
,0
,0
,0
,0
,0
,0
,0
,0
,0
,0
,0
,0
,0
,0
,0
,0
,0
,0
,0
,0
,0
,0
,0
,0
,0
,0
,0
,0
,0
,0
,0
,0
,0
,0
,0
,0
,0
,0
,0
,0
,0
,0
,0
,0
,0
,0
,0
,0
,0
,0
,0
,0
,0
,0
,0
,0
,0
,0
,0
,0
,0
,0
,0
,0
,0
,0
,0
,0
,0
,0
,0
,0
,0
,0
,0
,0
,0
,0
,0
,0
,0
,0
,0
,0
,0
,0
,0
,0
,0
,0
,0
,0
,0
,0
,0
,0
,0
,0
,0
,0
,0
,0
,0
,0
,0
,0
,0
,0
,0
,0
,0
,0
,0
,0
,0
,0
,0
,0
,0
,0
,0
,0
,0
,0
,0
,0
,0
,0
,0
,0
,0
,0
,0
,0
,0
,0
,0
,0
,0
,0
,0
,0
,0
,0
,0
,0
,0
,0
,0
,0
,0
,0
,0
,0
,0
,0
,0
,0
,0
,0
,0
,0
,0
,0
,0
,0
,0
,0
,0
,0
,0
,0
,0
,0
,0
,0
,0
,0
,0
,0
,0
,0
,0
,0
,0
,0
,0
,0
,0
,0
,0
,0
,0
,0
,0
,0
,0
,0
,0
,0
,0
,0
,0
,0
,0
,0
,0
,0
,0
,0
,0
,0
,0
,0
,0
,0
,0
,0
,0
,0
,0
,0
,0
,0
,0
,0
,0
,0
,0
,0
,0
,0
,0
,0
,0
,0
,0
,0
,0
,0
,0
,0
,0
,0
,0
,0
,0
,0
,0
,0
,0
,0
,0
,0
,0
,0
,0
,0
,0
,0
,0
,0
,0
,0
,0
,0
,0
,0
,0
,0
,0
,0
,0
,0
,0
,0
,0
,0
,0
,0
,0
,0
,0
,0
,0
,0
,0
,0
,0
,0
,0
,0
,0
,0
,0
,0
,0
,0
,0
,0
,0
,0
,0
,0
,0
,0
,0
,0
,0
,0
,0
,0
,0
,0
,0
,0
,0
,0
,0
,0
,0
,0
,0
,0
,0
,0
,0
,0
,0
,0
,0
,0
,0
,0
,0
,0
,0
,0
,0
,0
,0
,0
,0
,0
,0
,0
,0
,0
,0
,0
,0
,0
,0
,0
,0
,0
,0
,0
,0
,0
,0
,0
,0
,0
,0
,0
,0
,0
,0
,0
,0
,0
,0
,0
,0
,0
,0
,0
,0
,0
,0
,0
,0
,0
,0
,0
,0
,0
,0
,0
,0
,0
,0
,0
,0
,0
,0
,0
,0
,0
,0
,0
,0
,0
,0
,0
,0
,0
,0
,0
,0
,0
,0
,0
,0
,0
,0
,0
,0
,0
,0
,0
,0
,0
,0
,0
,0
,0
,0
,0
,0
,0
,0
,0
,0
,0
,0
,0
,0
,0
,0
,0
,0
,0
,0
,0
,0
,0
,0
,0
,0
,0
,0
,0
,0
,0
,0
,0
,0
,0
,0
,0
,0
,0
,0
,0
,0
,0
,0
,0
,0
,0
,0
,2
,0
,0
,0
,0
,0
,0
,0
,0
,0
,0
,0
,0
,0
,0
,0
,0
,0
,0
,0
,0
,0
,0
,0
,0
,0
,0
,0
,0
,0
,0
,0
,0
,0
,0
,0
,0
,0
,0
,0
,0
,0
,0
,0
,0
,0
,0
,0
,0
,0
,0
,0
,0
,0
,0
,0
,0
,0
,0
,0
,0
,0
,0
,0
,0
,0
,0
,0
,0
,0
,0
,0
,0
,0
,0
,0
,0
,0
,0
,0
,0
,0
,0
,0
,0
,0
,0
,0
,0
,0
,0
,0
,0
,0
,0
,0
,0
,0
,0
,0
,0
,0
,0
,0
,0
,0
,0
,0
,0
,0
,0
,0
,0
,0
,0
,0
,0
,0
,0
,0
,0
,0
,0
,0
,0
,0
,0
,0
,0
,0
,0
,0
,0
,0
,0
,0
,0
,0
,0
,0
,0
,0
,0
,0
,0
,0
,0
,0
,0
,0
,0
,0
,0
,0
,0
,0
,0
,0
,0
,0
,0
,0
,0
,0
,0
,0
,0
,0
,0
,0
,0
,0
,0
,0
,0
,0
,0
,0
,0
,0
,0
,0
,0
,0
,0
,0
,0
,0
,0
,0
,0
,0
,0
,0
,0
,0
,0
,0
,0
,0
,0
,0
,0
,0
,0
,0
,0
,0
,0
,0
,0
,0
,0
,0
,0
,0
,0
,0
,0
,0
,0
,0
,0
,0
,0
,0
,0
,0
,0
,0
,0
,0
,0
,0
,0
,0
,0
,0
,0
,0
,0
,0
,0
,0
,0
,0
,0
,0
,0
,0
,0
,0
,0
,0
,0
,0
,0
,0
,0
,0
,0
,0
,0
,0
,0
,0
,0
,0
,0
,0
,0
,0
,0
,0
,0
,0
,0
,0
,0
,0
,0
,0
,0
,0
,0
,0
,0
,0
,0
,0
,0
,0
,0
,0
,0
,0
,0
,0
,0
,0
,0
,0
,0
,0
,0
,0
,0
,0
,0
,0
,0
,0
,0
,0
,0
,0
,0
,0
,0
,0
,0
,0
,0
,0
,0
,0
,0
,0
,0
,0
,0
,0
,0
,0
,0
,0
,0
,0
,0
,0
,0
,0
,0
,0
,0
,0
,0
,0
,0
,0
,0
,0
,0
,0
,0
,0
,0
,0
,0
,0
,0
,0
,0
,0
,0
,0
,0
,0
,0
,0
,0
,0
,0
,0
,0
,0
,0
,0
,0
,0
,0
,0
,0
,0
,0
,0
,0
,0
,0
,0
,0
,0
,0
,0
,0
,0
,0
,0
,0
,0
,0
,0
,0
,0
,0
,0
,0
,0
,0
,0
,0
,0
,0
,0
,0
,0
,0
,0
,0
,0
,0
,0
,0
,0
,0
,0
,0
,0
,0
,0
,0
,0
,0
,0
,0
,0
,0
,0
,0
,0
,0
,0
,0
,0
,0
,0
,0
,0
,0
,0
,0
,0
,0
,0
,0
,0
,0
,0
,0
,0
,0
,0
,0
,0
,0
,0
,0
,0
,0
,0
,0
,0
,0
,0
,0
,0
,0
,0
,0
,0
,0
,0
,0
,0
,0
,0
,0
,0
,0
,0
,0
,0
,0
,0
,0
,0
,0
,0
,0
,2
,0
,2
,0
,0
,0
,2
,0
,0
,0
,0
,0
,0
,0
,0
,0
,0
,0
,0
,0
,0
,0
,0
,0
,0
,0
,0
,0
,0
,0
,0
,0
,0
,0
,0
,0
,2
,0
,0
,0
,0
,0
,0
,0
,0
,0
,0
,0
,0
,0
,2
,0
,0
,0
,0
,0
,2
,0
,0
,0
,0
,0
,0
,0
,0
,0
,0
,0
,0
,0
,2
,0
,0
,0
,0
,0
,0
,0
,0
,0
,0
,0
,0
,0
,0
,0
,0
,0
,0
,0
,0
,0
,0
,0
,0
,0
,0
,0
,0
,0
,0
,0
,0
,0
,2
,0
,0
,0
,0
,0
,0
,0
,0
,0
,0
,0
,0
,0
,0
,0
,0
,0
,0
,0
,0
,0
,0
,0
,0
,0
,0
,0
,0
,0
,0
,0
,0
,0
,0
,0
,0
,0
,0
,0
,0
,0
,0
,0
,0
,0
,0
,0
,0
,0
,2
,0
,0
,0
,0
,2
,0
,4
,0
,0
,0
,0
,0
,0
,2
,0
,0
,0
,0
,0
,0
,2
,0
,0
,0
,0
,0
,0
,0
,0
,0
,0
,0
,2
,0
,0
,0
,2
,0
,0
,0
,0
,0
,0
,0
,0
,0
,0
,0
,2
,0
,0
,2
,2
,0
,0
,0
,2
,0
,0
,0
,0
,0
,0
,0
,0
,0
,4
,0
,0
,2
,2
,2
,0
,0
,0
,0
,4
,0
,0
,0
,0
,0
,2
,0
,2
,0
,2
,0
,0
,0
,0
,0
,4
,0
,0
,0
,4
,2
,0
,0
,0
,0
,0
,0
,0
,0
,0
,0
,0
,0
,0
,2
,0
,0
,0
,0
,4
,2
,2
,0
,0
,0
,0
,4
,2
,2
,2
,2
,0
,0
,0
,6
,0
,2
,4
,0
,6
,6
,0
,0
,0
,0
,0
,2
,4
,0
,2
,2
,0
,0
,2
,4
,0
,4
,0
,0
,2
,6
,2
,0
,0
,2
,4
,2
,0
,2
,2
,4
,2
,0
,0
,0
,2
,0
,4
,2
,4
,2
,0
,4
,2
,2
,2
,2
,4
,0
,2
,4
,4
,2
,0
,4
,0
,2
,4
,4
,0
,8
,2
,0
,0
,4
,2
,4
,4
,6
,4
,4
,2
,0
,2
,2
,6
,2
,2
,2
,0
,2
,4
,4
,10
,4
,4
,6
,4
,0
,0
,6
,2
,0
,4
,2
,2
,0
,4
,4
,6
,2
,4
,2
,0
,2
,4
,6
,0
,8
,2
,2
,6
,2
,8
,4
,4
,6
,4
,0
,4
,4
,4
,0
,2
,4
,4
,8
,4
,4
,12
,4
,8
,2
,4
,4
,2
,8
,6
,6
,2
,4
,6
,2
,8
,8
,4
,2
,4
,2
,8
,4
,14
,10
,8
,0
,2
,8
,6
,4
,18
,12
,8
,0
,2
,4
,4
,8
,16
,6
,10
,8
,8
,2
,16
,14
,12
,10
,6
,6
,10
,8
,10
,10
,6
,6
,18
,22
,14
,14
,6
,18
,10
,12
,8
,10
,22
,10
,14
,14
,18
,4
,8
,12
,14
,20
,30
,24
,16
,6
,24
,26
,16
,20
,16
,20
,18
,12
,28
,20
,10
,34
,14
,32
,22
,24
,24
,10
,24
,26
,22
,32
,26
,30
,24
,24
,56
,30
,46
,12
,30
,34
,32
,32
,30
,16
,42
,16
,36
,48
,32
,30
,26
,44
,38
,38
,44
,22
,36
,36
,28
,30
,44
,38
,32
,42
,56
,42
,56
,50
,46
,46
,38
,38
,32
,30
,34
,30
,62
,86
,38
,64
,50
,78
,88
,30
,60
,60
,50
,60
,32
,48
,72
,72
,54
,68
,38
,88
,88
,92
,70
,78
,46
,60
,76
,62
,84
,68
,102
,108
,44
,78
,70
,96
,106
,114
,108
,114
,104
,74
,126
,70
,130
,144
,126
,134
,118
,88
,76
,86
,118
,118
,106
,142
,120
,102
,110
,124
,112
,160
,142
,162
,122
,132
,108
,132
,152
,164
,170
,150
,192
,142
,158
,204
,202
,210
,192
,170
,194
,162
,186
,208
,196
,244
,228
,182
,238
,250
,238
,230
,218
,172
,230
,242
,198
,228
,256
,246
,198
,212
,246
,270
,330
,268
,264
,288
,282
,316
,314
,304
,300
,346
,376
,348
,298
,258
,264
,336
,318
,384
,346
,298
,374
,376
,356
,344
,368
,434
,430
,452
,412
,342
,422
,404
,412
,464
,440
,476
,504
,384
,368
,438
,526
,536
,542
,446
,450
,518
,486
,484
,548
,608
,596
,596
,574
,564
,530
,640
,642
,592
,608
,680
,626
,578
,660
,706
,694
,738
,708
,778
,770
,758
,684
,714
,732
,736
,658
,708
,648
,774
,810
,790
,860
,814
,836
,950
,930
,920
,960
,904
,850
,992
,866
,1020
,904
,1068
,1082
,1182
,972
,1042
,1254
,1094
,1156
,1048
,1220
,1174
,1188
,1238
,1064
,1208
,1236
,1400
,1326
,1176
,1360
,1378
,1410
,1394
,1420
,1372
,1420
,1424
,1432
,1542
,1534
,1596
,1720
,1682
,1636
,1638
,1848
,1670
,1678
,1736
,1870
,1812
,1754
,1778
,1748
,1860
,2066
,2096
,2072
,2052
,2084
,2230
,2148
,2114
,2150
,2274
,2236
,2232
,2340
,2366
,2314
,2296
,2560
,2564
,2396
,2472
,2504
,2454
,2652
,2686
,2834
,2804
,2728
,2746
,2548
,2934
,3064
,2974
,2972
,3248
,3062
,3018
,3234
,3346
,3216
,3328
,3670
,3376
,3470
,3560
,3466
,3610
,3720
,3696
,3824
,3846
,3872
,3772
,3916
,3906
,4070
,4070
,4160
,4026
,4410
,4416
,4596
,4386
,4354
,4528
,4366
,4768
,4606
,4960
,4896
,4654
,4660
,4984
,5150
,5228
,5510
,5402
,5536
,5192
,5206
,5494
,5866
,5584
,5448
,6150
,5858
,5948
,6036
,5852
,6000
,6520
,6788
,6234
,6700
,6598
,6806
,6732
,6794
,6950
,7120
,6926
,6948
,7316
,7096
,7270
,7488
,7938
,7980
,7930
,7732
,8152
,8144
,8158
,8496
,8422
,8526
,8504
,8726
,8814
,8510
,8932
,9292
,9414
,9698
,9714
,9732
,9784
,10092
,10354
,10792
,10338
,10428
,10788
,10632
,10822
,10956
,11180
,11248
,11146
,11642
,12186
,12076
,11636
,12230
,12644
,12908
,12388
,12906
,12546
,12452
,13178
,13284
,13226
,13646
,13898
,14004
,13984
,14456
,14762
,15294
,15024
,15072
,15588
,15918
,15554
,15740
,16302
,16582
,16778
,16868
,17114
,17026
,16626
,17632
,18028
,18598
,18112
,18598
,18736
,18312
,18688
,19148
,19950
,19896
,19912
,19798
,20202
,20726
,21394
,21252
,21074
,22098
,21354
,22616
,22306
,22328
,22814
,23488
,24256
,23960
,24692
,24304
,24678
,25402
,25672
,25960
,25986
,26460
,26028
,26730
,27118
,27182
,27316
,28302
,28684
,28176
,29800
,29784
,29520
,29522
,29924
,30524
,30792
,30472
,31416
,32078
,31840
,32534
,33768
,33740
,33776
,34504
,34672
,34912
,34988
,35328
,36312
,36018
,36468
,36102
,37692
,37660
,38458
,38902
,40064
,40438
