tempos=[0.000000
,0.000000
,0.000072
,0.000082
,0.000235
,0.000504
,0.001411
,0.002786
,0.002916
,0.005946
,0.014868
,0.030899
,0.070264
,0.151681
,0.340979]; 
mins=[687500272
,32764
,624
,1123
,1125
,1193
,1282
,1314
,1481
,1482
,1496
,1496
,1483
,1498
,1498]; 
maxs=[0
,0
,624
,1462
,1693
,1980
,2165
,2577
,3342
,3671
,4192
,4761
,4851
,5040
,4887]; 
